enhancedRobber : gather
2600 (1804000) 800 (591200)
2600 (1800000) 1600 (550400)
3000 (2209200) 600 (407200)
2200 (1061600) 600 (695000)
3600 (1997600) 600 (412000)
avg 2800 : 840

enhancedRobber : Migrate
2200 (911600) 1200 (1166200)
2400 (1478200) 400 (490400)
4000 (1829000) 400 (476600)
1800 (1450000) 1200 (750200)
2400 (1502400) 600 (667000)
avg 2560 : 760

enhancedRobber : greedy
800 (459400) 600 (531200)
800 (459400) 600 (531200)
800 (459400) 600 (531200)
800 (459400) 600 (531200)
800 (459400) 600 (531200)
avg 800 : 600

enhancedRobber : robber
600 (524600) 400 (433800)
1400 (784600) 400 (463000)
800 (467600) 400 (488800)
400 (404000) 800 (402600)
400 (385200) 400 (385400)
avg 720 : 480